1 40.65 2.05
2 52.33 2.34
3 45.44 2.20
4 52.45 2.54
5 52.75 2.10
6 51.78 1.77
7 51.14 2.46
8 48.49 2.35
9 53.42 3.02
10 42.88 2.59
11 48.25 2.34
12 50.26 3.16
13 44.13 2.53
14 48.01 2.34
15 49.51 2.38
16 50.54 2.49
17 44.50 2.67
18 51.75 2.27
19 46.01 2.27
20 54.21 2.36
21 44.00 2.30
22 55.04 3.34
23 48.01 2.39
24 None None
25 46.07 2.03
26 48.75 2.01
27 51.75 1.80
28 52.28 2.42
29 51.91 2.75
30 52.63 2.44
31 None None
32 52.69 2.97
33 46.86 2.30
34 42.95 2.55
35 49.76 2.51
36 55.23 3.13
37 54.00 2.35
38 46.26 2.18
39 42.48 2.44
40 53.02 2.51
41 48.11 2.29
42 56.85 2.95
43 54.57 2.46
44 43.92 2.26
45 47.39 1.97
46 45.03 2.21
47 53.08 3.00
48 53.24 2.37
49 47.19 2.31
50 53.31 1.99
51 49.63 2.65
52 46.31 1.91
53 46.75 2.05
54 46.92 2.28
55 47.35 2.50
56 44.47 2.17
57 54.20 1.88
58 43.23 2.17
59 47.43 1.88
60 49.30 2.46
61 39.18 1.58
62 45.28 2.17
63 50.17 3.19
64 51.38 2.25
65 44.95 2.43
66 44.24 1.72
67 52.69 3.66
68 50.90 2.66
69 49.09 2.50
70 52.74 2.13
71 50.12 2.34
72 44.52 2.18
73 42.10 1.99
74 48.72 3.01
75 52.27 2.18
76 44.13 2.11
77 55.55 2.27
78 50.94 2.76
79 41.16 1.82
80 44.01 2.10
81 44.93 2.18
82 46.26 1.76
83 53.21 1.81
84 51.43 2.51
85 47.96 2.55
86 44.54 1.83
87 52.30 2.51
88 48.27 2.57
89 45.07 2.34
90 49.43 2.11
91 38.97 1.67
92 44.70 2.21
93 50.39 2.65
94 48.27 2.59
95 46.17 1.81
96 55.30 2.68
97 44.47 2.28
98 45.10 2.28
99 49.73 2.75
100 46.01 2.20
101 45.05 2.27
102 56.70 2.90
103 48.05 2.40
104 44.81 1.69
105 None None
106 46.91 2.80
107 32.81 1.45
108 None None
109 53.90 2.22
110 51.55 2.73